5
1
3
1 1 18 10 0 -1
1 1 9 5 0 2
10 6 9 5 0 2
haar_x2_y2
1.467837e-002 0 -1
2.984644e-001 -8.249370e-001 
1
2
11 6 8 6 0 -1
11 6 4 6 0 2
haar_x2
1.309570e-002 0 -1
-7.435684e-001 1.571932e-001 
1
2
7 8 6 7 0 -1
7 8 3 7 0 2
tilted_haar_x2
-2.748691e-002 0 -1
7.768311e-001 -4.499056e-001 
1
2
12 3 8 12 0 -1
14 3 4 12 0 2
haar_x4
3.763600e-004 0 -1
2.389565e-001 -6.738143e-001 
1
3
0 6 2 16 0 -1
0 6 1 8 0 2
1 14 1 8 0 2
haar_x2_y2
-1.137046e-002 0 -1
8.883921e-001 -3.918635e-001 
-1.471550e-001

11
-1
