6
1
2
6 6 12 6 0 -1
9 6 6 6 0 2
haar_x4
1.888588e-002 0 -1
-8.023950e-001 4.379095e-001 
1
2
16 1 6 4 0 -1
18 1 2 4 0 3
haar_x3
6.747674e-004 0 -1
-3.308728e-001 1.445641e-001 
1
2
1 1 6 15 0 -1
3 1 2 15 0 3
haar_x3
2.341757e-003 0 -1
-7.121823e-001 5.748963e-001 
1
2
18 12 4 3 0 -1
18 13 4 1 0 3
haar_y3
9.686822e-004 0 -1
-5.577120e-001 4.454043e-001 
1
2
6 2 4 2 0 -1
7 3 2 2 0 2
tilted_haar_x4
3.732031e-005 0 -1
-8.758347e-001 6.376105e-001 
1
3
11 3 8 18 0 -1
15 3 4 9 0 2
11 12 4 9 0 2
haar_x2_y2
-1.008167e-002 0 -1
2.738142e-001 -9.629891e-001 
-4.777995e-001

6
-1
