7
1
2
5 15 4 1 0 -1
7 15 2 1 0 2
haar_x2
-7.302725e-004 0 -1
-8.313457e-001 3.165753e-001 
1
2
15 8 2 4 0 -1
15 9 2 2 0 2
haar_y4
-6.915210e-003 0 -1
8.407279e-001 -1.543644e-001 
1
2
9 0 1 2 0 -1
9 1 1 1 0 2
haar_y2
1.473175e-005 0 -1
-7.167877e-001 4.277942e-001 
1
3
21 8 2 4 0 -1
22 8 1 2 0 2
21 10 1 2 0 2
haar_x2_y2
2.685380e-004 0 -1
-3.265890e-001 3.477845e-001 
1
2
11 12 6 6 0 -1
13 14 2 6 0 3
tilted_haar_x3
-7.359126e-003 0 -1
-7.286341e-001 3.796701e-001 
1
2
18 17 1 4 0 -1
18 18 1 2 0 2
haar_y4
1.421126e-003 0 -1
-1.550134e-001 4.040663e-001 
1
2
7 8 2 4 0 -1
7 9 2 2 0 2
haar_y4
-3.296931e-003 0 -1
8.148859e-001 -3.905895e-001 
-9.219496e-001

13
-1
